[ 19.0802177 , 72.8495157 ],
[ 19.053557 , 72.884367 ],
[ 19.1742352 , 72.8593629 ],
[ 19.1280018 , 72.8434699 ],
[ 18.9964198 , 73.1324692 ],
[ 18.9989778 , 72.8550021 ],
[ 19.0160273 , 72.8588404 ],
[ 19.0208354 , 72.904425 ],
[ 19.1792628 , 73.0225864 ],
[ 18.9614896 , 72.8399625 ],
[ 19.1653208 , 72.858337 ],
[ 19.1150205 , 72.8495134 ],
[ 19.1123059 , 73.0077845 ],
[ 19.1425582 , 73.0120312 ],
[ 19.0647603 , 72.8958929 ],
[ 19.2251921 , 72.9955839 ],
[ 18.9714675 , 72.8095069 ],
[ 19.1792628 , 73.0225864 ],
[ 18.9510043 , 72.838987 ],
[ 19.3611502 , 72.8813016 ],
[ 19.1171389 , 72.846563 ],
[ 19.1509735 , 72.8758099 ],
[ 19.1822842 , 72.9660413 ],
[ 19.1913532 , 72.8585039 ],
[ 19.0759837 , 72.8776559 ],
[ 19.0205076 , 72.904443 ],
[ 19.1484372 , 73.000483 ],
[ 19.1254163 , 72.9242804 ],
[ 19.1150205 , 72.8495134 ],
[ 18.9682454 , 72.8073499 ],
[ 19.0776627 , 72.8469172 ],
[ 19.2014158 , 73.0007083 ],
[ 18.9629992 , 72.8175748 ],
[ 19.13329 , 72.83767 ],
[ 19.0624142 , 72.9734576 ],
[ 19.2797513 , 72.8561635 ],
[ 19.1150205 , 72.8495134 ],
[ 19.1553546 , 72.9672737 ],
[ 19.118297 , 72.8852007 ],
[ 18.9512244 , 72.8317199 ],
[ 19.1150205 , 72.8495134 ],
[ 19.112994 , 72.8544942 ],
[ 19.1524199 , 72.8565536 ],
[ 18.9512746 , 72.8318182 ],
[ 19.1425582 , 73.0120312 ],
[ 19.196216 , 72.827547 ],
[ 19.1371326 , 72.8464852 ],
[ 19.0283952 , 72.8467938 ],
[ 19.0625773 , 72.9012527 ],
[ 19.2597254 , 72.9695364 ],
[ 19.2059751 , 72.8655973 ],
[ 19.1171389 , 72.846563 ],
[ 19.1792628 , 73.0225864 ],
[ 19.1934877 , 72.9516519 ],
[ 19.0797781 , 72.886904 ],
[ 18.9939983 , 72.8329925 ],
[ 18.9558908 , 72.8328534 ],
[ 18.9721282 , 72.8219606 ],
[ 19.0074271 , 72.8359006 ],
[ 19.0163387 , 72.8401024 ],
[ 19.0685012 , 72.9966027 ],
[ 19.0759837 , 72.8776559 ],
[ 19.2513601 , 72.8604074 ],
[ 19.1934877 , 72.9516519 ],
[ 19.0848389 , 72.8324957 ],
[ 19.086501 , 72.888839 ],
[ 19.0689601 , 72.9047477 ],
[ 19.2597254 , 72.9695364 ],
[ 19.20083 , 72.838758 ],
[ 19.0738862 , 72.8799876 ],
[ 19.1150205 , 72.8495134 ],
[ 18.542296 , 73.851636 ],
[ 19.1514492 , 72.9762059 ],
[ 19.1371326 , 72.8464852 ],
[ 18.7693415 , 73.4042644 ],
[ 19.0244212 , 73.0392803 ],
[ 19.1260269 , 72.872871 ],
[ 19.1350833 , 72.8489089 ],
[ 19.148657 , 72.99066 ],
[ 19.0645719 , 72.8996193 ],
[ 18.9907291 , 73.1214988 ],
[ 19.0160273 , 72.8588404 ],
[ 19.1350833 , 72.8489089 ],
[ 19.0091432 , 72.8157283 ],
[ 19.1078354 , 72.8421528 ],
[ 19.0759837 , 72.8776559 ],
