NarimanPoint 	[[0, 0], [0, 0], [0, 0], [0, 0], [0, 0], [12.974077070491322, 346], [0, 0], [0, 0], [0, 0], [17.29946462103511, 684], [0, 0], [29.75744681000009, 456]]
BallardEstate 	[[0, 0], [0, 0], [0, 0], [0, 0], [0, 0], [0, 0], [13.364225450772732, 66], [13.660806720913794, 58], [0, 0], [0, 0], [0, 0], [13.497810653691477, 188]]
KalbaDevi 	    [[0, 0], [0, 0], [0, 0], [0, 0], [20.491202837789476, 228], [0, 0], [0, 0], [16.077427144548256, 228], [15.193406391864135, 1266], [0, 0], [0, 0], [0, 0]]
WadiBandar 	    [[0, 0], [0, 0], [0, 0], [0, 0], [0, 0], [0, 0], [0, 0], [0, 0], [16.257386238300967, 206], [0, 0], [0, 0], [14.579993833704538, 220]]
MaulanaAzadRd 	[[0, 0], [0, 0], [0, 0], [0, 0], [0, 0], [0, 0], [0, 0], [0, 0], [16.245526164062504, 128], [0, 0], [16.290481928892532, 912], [0, 0]]
HughesRd 		[[19.537027727254912, 102], [0, 0], [0, 0], [0, 0], [0, 0], [0, 0], [22.533235509999987, 180], [0, 0], [0, 0], [17.186208876937176, 382], [19.717151355877206, 114], [19.74343036160379, 106]]
PedderRd 		[[19.40738225625734, 684], [0, 0], [0, 0], [0, 0], [0, 0], [18.897350733142854, 70], [0, 0], [0, 0], [15.067502277251567, 644], [0, 0], [0, 0], [0, 0]]
TulsiWadi 		[[0, 0], [0, 0], [0, 0], [0, 0], [15.309189308701765, 456], [14.885204363544451, 450], [0, 0], [23.456912085877168, 456], [15.315921491947375, 456], [0, 0], [0, 0], [0, 0]]
KalaChowky 	[[0, 0], [0, 0], [0, 0], [0, 0], [0, 0], [0, 0], [0, 0], [0, 0], [0, 0], [9.635024385745602, 228], [10.610431204930217, 430], [0, 0]]
NehruNagar 	[[0, 0], [0, 0], [0, 0], [0, 0], [0, 0], [0, 0], [0, 0], [23.455927234015157, 132], [0, 0], [23.40829194978512, 1210], [23.512013325656564, 198], [0, 0]]
PrabhaDevi 	[[0, 0], [0, 0], [0, 0], [0, 0], [0, 0], [0, 0], [16.370641741535096, 228], [0, 0], [0, 0], [13.241309966353429, 614], [13.249790736122458, 196], [0, 0]]
DadarWest 	[[0, 0], [0, 0], [0, 0], [0, 0], [20.553970364320186, 456], [20.23644651948199, 444], [0, 0], [0, 0], [0, 0], [0, 0], [0, 0], [0, 0]]
KatrakRd 	[[0, 0], [0, 0], [0, 0], [0, 0], [0, 0], [7.3399466780452345, 442], [0, 0], [0, 0], [0, 0], [0, 0], [0, 0], [0, 0]]
MatungaWest 	[[0, 0], [0, 0], [0, 0], [0, 0], [17.015801148070167, 456], [0, 0], [0, 0], [0, 0], [16.981001119298238, 228], [0, 0], [0, 0], [0, 0]]
GuruTeghNagar 	[[0, 0], [0, 0], [0, 0], [0, 0], [12.376385195675669, 148], [0, 0], [0, 0], [0, 0], [0, 0], [0, 0], [0, 0], [0, 0]]
SionWest 	[[0, 0], [0, 0], [0, 0], [0, 0], [14.106975482432437, 222], [0, 0], [0, 0], [0, 0], [0, 0], [0, 0], [0, 0], [0, 0]]
ChunaBhattiRd 	[[0, 0], [0, 0], [0, 0], [0, 0], [0, 0], [0, 0], [0, 0], [0, 0], [0, 0], [15.369369090000003, 88], [0, 0], [0, 0]]
BarveMarg 	[[0, 0], [0, 0], [0, 0], [0, 0], [15.507654302062688, 766], [0, 0], [14.350737034774818, 444], [0, 0], [0, 0], [0, 0], [0, 0], [0, 0]]
VNPuravMarg 	[[0, 0], [0, 0], [0, 0], [0, 0], [15.668784424545452, 154], [0, 0], [0, 0], [0, 0], [0, 0], [0, 0], [0, 0], [16.151960440613216, 212]]
FertilizerColony 	[[0, 0], [0, 0], [0, 0], [0, 0], [0, 0], [0, 0], [0, 0], [0, 0], [0, 0], [12.183554555, 456], [12.183554554999999, 684], [0, 0]]
SomaiyaCRd 	[[0, 0], [0, 0], [0, 0], [0, 0], [0, 0], [0, 0], [0, 0], [0, 0], [17.965252495, 418], [24.19941924210531, 456], [0, 0], [0, 0]]
VallabhBaug 	[[12.569310561008757, 228], [0, 0], [0, 0], [0, 0], [0, 0], [0, 0], [0, 0], [0, 0], [0, 0], [15.32132310600559, 358], [0, 0], [0, 0]]
ghatkopar 	[[0, 0], [0, 0], [0, 0], [0, 0], [0, 0], [16.381057706713325, 450], [0, 0], [0, 0], [0, 0], [0, 0], [0, 0], [0, 0]]
GhatkoparW 	[[0, 0], [0, 0], [0, 0], [0, 0], [11.612916123749992, 152], [0, 0], [11.773400673880278, 426], [0, 0], [0, 0], [13.350727339474997, 40], [12.270168722856326, 348], [0, 0]]
Mohli 				[[0, 0], [0, 0], [0, 0], [0, 0], [0, 0], [0, 0], [0, 0], [16.991999999999987, 54], [0, 0], [0, 0], [16.991999999999997, 150], [0, 0]]
KheraniRd 			[[0, 0], [0, 0], [0, 0], [0, 0], [0, 0], [0, 0], [0, 0], [0, 0], [0, 0], [0, 0], [11.512499999999998, 150], [0, 0]]
Chandivali 			[[0, 0], [0, 0], [0, 0], [0, 0], [0, 0], [14.400000000000038, 448], [0, 0], [0, 0], [0, 0], [11.007906005499994, 456], [11.007906005499994, 456], [0, 0]]
Tunga 				[[0, 0], [0, 0], [0, 0], [0, 0], [0, 0], [0, 0], [0, 0], [0, 0], [10.546666669999961, 684], [0, 0], [11.582683365000001, 36], [0, 0]]
CentralAve 			[[0, 0], [0, 0], [0, 0], [0, 0], [13.668408231842104, 760], [0, 0], [0, 0], [0, 0], [13.693395248145167, 372], [0, 0], [0, 0], [0, 0]]
kanjurmargWest 		[[0, 0], [0, 0], [0, 0], [0, 0], [0, 0], [0, 0], [0, 0], [0, 0], [0, 0], [22.990173143644096, 118], [22.852182116396524, 802], [0, 0]]
KanjurMarg 			[[0, 0], [0, 0], [0, 0], [0, 0], [0, 0], [16.400000000000045, 300], [16.399999999999988, 128], [0, 0], [0, 0], [16.40000000000006, 408], [0, 0], [0, 0]]
MulunAiroliBridge 	[[0, 0], [0, 0], [0, 0], [0, 0], [30.63230045217946, 312], [31.072684270825864, 448], [0, 0], [0, 0], [0, 0], [0, 0], [0, 0], [0, 0]]
Airoli 			[[0, 0], [0, 0], [0, 0], [0, 0], [14.58714412500001, 456], [0, 0], [0, 0], [0, 0], [0, 0], [0, 0], [14.588912379627022, 563], [0, 0]]
Vashi 			[[0, 0], [0, 0], [0, 0], [0, 0], [21.988863290000015, 678], [0, 0], [0, 0], [0, 0], [0, 0], [21.988863290000076, 456], [0, 0], [0, 0]]
Nerul 			[[13.637415765000002, 228], [0, 0], [0, 0], [0, 0], [0, 0], [12.978818179999989, 150], [0, 0], [0, 0], [0, 0], [0, 0], [0, 0], [0, 0]]
AmraMarg 		[[0, 0], [0, 0], [0, 0], [0, 0], [24.00881731106357, 912], [0, 0], [0, 0], [23.907344235333316, 270], [23.998971569078925, 228], [0, 0], [0, 0], [0, 0]]
ShillGaon 		[[0, 0], [0, 0], [0, 0], [0, 0], [29.2759070518422, 684], [0, 0], [0, 0], [0, 0], [0, 0], [0, 0], [0, 0], [0, 0]]
Kharegaon 		[[0, 0], [0, 0], [0, 0], [0, 0], [11.573772438148653, 74], [11.576515832042864, 140], [0, 0], [14.009012480412833, 436], [0, 0], [0, 0], [0, 0], [0, 0]]
RetiBandar 		[[0, 0], [0, 0], [0, 0], [14.229984268530718, 456], [0, 0], [0, 0], [0, 0], [0, 0], [0, 0], [0, 0], [0, 0], [0, 0]]
Dombivli 		[[0, 0], [0, 0], [0, 0], [0, 0], [0, 0], [0, 0], [10.935436474999982, 1140], [10.935436474999982, 228], [0, 0], [0, 0], [0, 0], [0, 0]]
Kalyan 			[[0, 0], [0, 0], [0, 0], [0, 0], [0, 0], [0, 0], [0, 0], [9.316285714499973, 868], [0, 0], [0, 0], [0, 0], [0, 0]]
AgraRd 			[[0, 0], [0, 0], [0, 0], [0, 0], [0, 0], [0, 0], [0, 0], [9.702069236105514, 436], [0, 0], [0, 0], [0, 0], [0, 0]]
Majiwada 	    [[0, 0], [0, 0], [0, 0], [0, 0], [13.375241079539494, 152], [0, 0], [0, 0], [13.505558754318193, 132], [12.864220096061635, 584], [12.681446959254375, 228], [0, 0], [0, 0]]
Kashmimira   	[[23.673824283859606, 228], [0, 0], [0, 0], [0, 0], [0, 0], [0, 0], [0, 0], [0, 0], [0, 0], [0, 0], [23.67098057890346, 456], [0, 0]]
DahisarEast 	[[13.47875175367024, 558], [0, 0], [0, 0], [0, 0], [0, 0], [0, 0], [15.003018515062488, 224], [0, 0], [0, 0], [0, 0], [14.224615191519412, 1596], [0, 0]]
LinkRd 	        [[11.245571040000002, 204], [0, 0], [0, 0], [0, 0], [11.245571040000023, 228], [0, 0], [0, 0], [0, 0], [0, 0], [0, 0], [11.245571039999998, 112], [11.245571039999998, 110]]
Poisar 	        [[0, 0], [0, 0], [0, 0], [0, 0], [0, 0], [0, 0], [0, 0], [0, 0], [0, 0], [0, 0], [8.573113098715059, 186], [0, 0]]
Charkop 	    [[0, 0], [0, 0], [0, 0], [0, 0], [0, 0], [0, 0], [0, 0], [0, 0], [22.518953865000015, 456], [0, 0], [9.693333333500023, 228], [0, 0]]
Orlem 	        [[8.654377940519607, 102], [8.400662009929823, 228], [0, 0], [0, 0], [8.405259431706137, 456], [10.25209847184221, 488], [8.411387120666664, 144], [8.462745244995325, 428], [0, 0], [13.309845632222617, 1990], [0, 0], [8.401767694459428, 912]]
GoregaonWest 	[[0, 0], [0, 0], [0, 0], [0, 0], [13.58709531272661, 684], [0, 0], [0, 0], [0, 0], [0, 0], [0, 0], [0, 0], [0, 0]]
Oshiwara 	    [[0, 0], [0, 0], [0, 0], [0, 0], [14.925785443604916, 772], [16.200000000000003, 146], [0, 0], [17.795566287463235, 272], [14.692674330000026, 506], [0, 0], [0, 0], [0, 0]]
JogeshwariWest 	[[0, 0], [0, 0], [0, 0], [0, 0], [0, 0], [0, 0], [0, 0], [0, 0], [0, 0], [22.067714725, 456], [0, 0], [0, 0]]
AndheriWest 	[[0, 0], [12.645324798640353, 228], [0, 0], [0, 0], [0, 0], [12.962419192567557, 296], [0, 0], [0, 0], [12.646344298026316, 912], [12.736115987009814, 204], [0, 0], [0, 0]]
Sahar 	        [[0, 0], [0, 0], [0, 0], [0, 0], [17.64792592409722, 144], [0, 0], [21.987972177830986, 710], [0, 0], [0, 0], [14.97493548052633, 228], [10.046357305043113, 116], [14.998730681754399, 228]]
VileParleEast 	[[0, 0], [0, 0], [0, 0], [0, 0], [0, 0], [16.563093543585858, 1188], [17.02967153822506, 862], [23.14948148499999, 170], [15.32095987611844, 912], [16.57499537109651, 228], [18.41206889622808, 114], [23.149481484999974, 106]]
BOM 	        [[0, 0], [0, 0], [0, 0], [0, 0], [11.569273745000006, 228], [0, 0], [0, 0], [0, 0], [0, 0], [11.569273745000006, 456], [11.569273745000006, 228], [0, 0]]
SantaCruzEast 	[[0, 0], [0, 0], [0, 0], [0, 0], [14.795266876282057, 312], [0, 0], [0, 0], [0, 0], [0, 0], [0, 0], [14.292194441438076, 904], [0, 0]]
BandraWest 	    [[11.786331504999989, 456], [11.663010649999984, 456], [11.786331504999989, 228], [0, 0], [11.786331504999989, 1140], [11.786331504999989, 228], [11.786331504999994, 352], [11.786331504999994, 214], [11.786331504999989, 228], [0, 0], [11.786331504999989, 456], [11.786331504999989, 1140]]
BandraKurla 	[[0, 0], [0, 0], [0, 0], [0, 0], [24.23896104, 916], [0, 0], [0, 0], [24.23896104000002, 218], [20.282717795794255, 4520], [20.169270675000007, 202], [0, 0], [20.169270675000007, 192]]
